010040
011500
011799
012400
015100
015422
015499
026300
028299
029299
029400
032100
032600
037000
043399
047500
048399
048499
050070
050071
050072
050073
053900
056001
056003
056299
056700
056799
056901
056902
056903
056904
056905
056906
056999
065801
065802
065803
065804
065805
065806
065807
065808
065809
065810
065811
065812
065899
073004
073005
073006
073007
073008
073009
073011
073013
073099
075000
075100
075300
075399
075600
075699
133500
133600
133700
137899
211200
211706
215499
221200
223002
223399
225001
225700
230088
231491
231499
231501
232200
233090
233400
234211
234212
234213
234215
234216
234217
234218
234220
234221
234222
234223
234224
234225
234226
234227
234228
234271
234299
238192
238201
239500
241000
241080
242199
242300
242399
243061
245342
247131
247200
300499
301799
301899
311333
315299
315800
323600
325400
331300
331505
336300
352100
352200
354217
354299
354312
354399
362001
362002
362005
362006
362008
362018
362019
430060
431999
432500
434300
438300
441000
442799
443001
444200
530201
530229
530299
533499
535038
535400
536002
537100
541300
543005
550400
550402
570205
570206
571149
571600
571800
572800
615500
636000
636400
636455
636456
636457
636458
636459
636460
636461
636462
636463
636464
636465
636466
636467
636468
636469
636470
636471
636472
636473
636474
636475
636476
636477
636478
636479
636480
636481
636482
636499
638699
645150
650305
650307
650308
650309
650311
674699
735400
