100001
100005
100006
100007
100009
100010
100011
100013
100017
100022
100023
100024
100027
100028
100029
100031
100032
100033
100034
100035
100036
100037
100038
100039
100040
100041
100042
100043
100044
100045
100048
100049
100050
100051
100052
100053
100054
100055
100061
100062
100067
100068
100069
100070
100071
100072
100073
100074
100075
100076
100077
100078
100079
100080
100081
100082
100083
100084
100085
100086
100088
100089
100091
100093
100094
100095
100096
100097
100098
100102
100120
100121
100126
100140
100141
100142
100143
100144
100160
100161
100162
100163
100164
100165
100166
100176
100190
100191
100192
100193
100194
100195
100871
101100
101101
101102
101103
101104
101105
101106
101107
101108
101109
101111
101112
101113
101114
101115
101116
101117
101118
101119
101121
101123
101125
101127
101129
101149
101199
101200
101201
101202
101203
101204
101205
101206
101207
101209
101211
101212
101213
101214
101215
101299
101300
101301
101303
101304
101306
101307
101308
101309
101312
101313
101314
101316
101317
101318
101319
101320
101321
101322
101399
101400
101401
101402
101403
101404
101405
101407
101408
101409
101411
101412
101413
101414
101499
101500
101501
101502
101503
101504
101505
101506
101507
101508
101509
101511
101512
101513
101515
101516
102100
102101
102102
102103
102104
102105
102106
102107
102108
102109
102112
102114
102115
102200
102201
102202
102204
102205
102206
102208
102209
102211
102212
102213
102218
102299
102300
102301
102303
102304
102305
102308
102309
102311
102399
102400
102401
102402
102403
102404
102405
102406
102407
102408
102409
102411
102412
102413
102415
102417
102418
102419
102421
102422
102423
102425
102431
102442
102444
102445
102446
102447
102451
102453
102454
102461
102477
102488
102499
102500
102502
102503
102599
102600
102601
102602
102603
102604
102605
102606
102607
102608
102609
102611
102612
102613
102615
102627
102628
102629
102699
200001
200002
200003
200010
200011
200020
200021
200023
200025
200030
200031
200032
200040
200041
200042
200050
200051
200052
200070
200071
200072
200080
200081
200082
200083
200085
200086
200090
200092
200093
200120
200122
200123
200124
200125
200126
200127
200129
200131
200135
200136
200137
200231
200232
200233
200234
200235
200237
200240
200241
200245
200335
200336
200431
200433
200434
200435
200436
200437
200438
200439
200441
200442
200443
200444
200540
200940
200941
200942
200949
201100
201101
201102
201103
201104
201105
201106
201107
201108
201109
201111
201112
201114
201199
201200
201201
201202
201203
201204
201205
201206
201207
201208
201209
201210
201299
201300
201301
201302
201303
201304
201305
201306
201308
201309
201311
201312
201313
201314
201315
201316
201317
201318
201319
201321
201322
201323
201324
201325
201399
201400
201401
201402
201403
201404
201405
201406
201407
201408
201409
201411
201412
201413
201414
201415
201416
201417
201418
201419
201422
201424
201499
201500
201501
201502
201503
201504
201505
201506
201507
201508
201512
201514
201515
201516
201517
201518
201599
201600
201601
201602
201603
201604
201605
201606
201607
201608
201609
201611
201612
201613
201614
201615
201616
201617
201619
201620
201699
201700
201701
201702
201703
201704
201705
201706
201707
201708
201709
201711
201712
201713
201714
201715
201716
201717
201718
201719
201721
201722
201799
201800
201801
201802
201803
201804
201805
201806
201807
201808
201809
201811
201812
201814
201815
201816
201818
201821
201822
201823
201824
201899
201900
201901
201906
201907
201908
201913
201914
201999
202150
202151
202152
202153
202154
202155
202156
202157
202158
202159
202161
202162
202163
202164
202165
202171
202172
202173
202174
202177
202178
202179
202181
202183
300010
300011
300012
300019
300020
300021
300042
300060
300061
300071
300072
300073
300074
300090
300091
300092
300100
300101
300102
300110
300111
300112
300113
300120
300121
300122
300123
300130
300131
300132
300133
300134
300150
300151
300160
300161
300162
300163
300170
300171
300180
300181
300182
300190
300191
300192
300193
300199
300200
300201
300202
300203
300204
300210
300211
300220
300221
300222
300223
300232
300240
300250
300251
300252
300270
300271
300272
300273
300274
300275
300277
300278
300280
300282
300283
300299
300300
300301
300302
300303
300304
300308
300350
300352
300353
300354
300355
300356
300357
300380
300381
300384
300399
300400
300401
300402
300403
300404
300405
300406
300407
300408
300409
300410
300412
300450
300451
300452
300453
300454
300455
300456
300457
300458
300459
300460
300461
300462
300480
300481
300499
301500
301501
301502
301503
301504
301505
301506
301507
301508
301509
301510
301600
301601
301602
301603
301604
301605
301606
301607
301608
301609
301611
301613
301614
301615
301617
301619
301625
301630
301636
301640
301646
301700
301701
301702
301703
301704
301705
301706
301707
301708
301709
301711
301712
301713
301714
301717
301718
301721
301722
301723
301724
301725
301726
301727
301728
301729
301731
301732
301733
301734
301735
301737
301738
301739
301740
301741
301799
301800
301801
301802
301803
301804
301805
301806
301807
301808
301809
301811
301812
301813
301814
301815
301816
301817
301818
301819
301821
301822
301823
301824
301825
301826
301827
301828
301829
301830
301899
301901
301902
301903
301904
301905
301906
301907
301908
301909
301911
301912
301913
301914
301915
301921
301922
301923
301924
301925
301926
301928
301931
301932
301933
301934
301936
301937
301938
301939
301942
301943
301999
400001
400010
400011
400012
400013
400014
400015
400020
400021
400022
400023
400024
400025
400026
400030
400031
400032
400033
400035
400036
400037
400038
400039
400041
400042
400043
400044
400045
400047
400050
400051
400052
400053
400054
400055
400056
400060
400061
400062
400063
400064
400065
400066
400067
400069
400071
400072
400074
400080
400082
400083
400084
400700
400701
400702
400704
400705
400707
400708
400709
400711
400712
400713
400714
400715
400716
400717
400718
400719
400720
400721
400722
400799
400800
400801
400802
400803
400804
400805
400806
400900
401120
401121
401122
401123
401124
401125
401126
401127
401128
401129
401130
401131
401132
401133
401134
401135
401136
401137
401138
401139
401140
401141
401142
401143
401144
401145
401147
401148
401150
401151
401152
401153
401154
401200
401220
401221
401222
401223
401224
401225
401226
401227
401228
401229
401231
401232
401233
401234
401235
401236
401237
401238
401239
401241
401242
401243
401244
401245
401246
401247
401248
401249
401251
401252
401253
401254
401255
401256
401257
401258
401259
401261
401262
401263
401264
401301
401302
401304
401305
401306
401307
401308
401309
401310
401311
401312
401315
401318
401319
401320
401321
401322
401323
401324
401325
401326
401327
401328
401329
401331
401332
401333
401334
401335
401336
401338
401339
401340
401341
401342
401343
401344
401345
401346
401347
401348
401349
401351
401352
401353
401354
401355
401356
401357
401358
401420
401421
401422
401423
401424
401425
401426
401427
401428
401429
401431
401432
401433
401434
401435
401436
401437
401438
401439
401442
401443
401444
401445
401446
401447
401448
401449
401451
401501
401502
401503
401504
401505
401506
401507
401508
401509
401511
401512
401513
401514
401516
401517
401518
401519
401520
401521
401522
401523
401524
401525
401526
401527
401528
401529
401531
401532
401533
401534
401535
401536
401537
401538
401539
401541
401542
401543
401544
401545
401546
401547
401548
401549
401551
401552
401553
401554
401555
401556
401557
401558
401559
401561
401562
401563
401564
401565
401566
401567
401568
401569
401571
401572
401573
401574
401575
401576
401578
401579
401581
401582
401583
401584
401585
401586
401587
401588
401589
401591
401592
401593
401594
401595
401596
402101
402102
402103
402104
402105
402106
402107
402108
402109
402110
402111
402112
402114
402115
402160
402161
402163
402164
402165
402166
402167
402168
402169
402170
402171
402172
402173
402174
402175
402176
402177
402178
402179
402180
402181
402182
402183
402184
402185
402186
402187
402188
402189
402190
402191
402192
402193
402194
402195
402196
402197
402198
402199
402201
402202
402203
402204
402205
402206
402207
402208
402209
402210
402211
402212
402213
402214
402215
402216
402217
402218
402219
402220
402221
402222
402223
402224
402225
402226
402227
402228
402229
402231
402232
402233
402234
402235
402236
402237
402238
402239
402240
402241
402242
402243
402244
402245
402246
402247
402248
402250
402251
402253
402254
402255
402256
402257
402258
402259
402260
402261
402263
402264
402265
402267
402268
402269
402270
402271
402272
402273
402274
402275
402276
402277
402278
402279
402280
402281
402282
402283
402284
402285
402286
402287
402288
402289
402290
402291
402292
402293
402295
402296
402297
402299
402360
402361
402362
402363
402364
402365
402366
402367
402368
402369
402371
402372
402373
402374
402375
402460
402461
402462
402463
402465
402466
402468
402469
402471
402472
402473
402560
402561
402562
402563
402564
402565
402566
402567
402568
402569
402572
402573
402574
402660
402671
402672
402673
402674
402675
402676
402677
402678
402679
402681
402682
402758
402760
402761
402762
402763
402764
402765
402766
402767
402768
402769
402771
402772
402773
402774
402775
402783
404000
404001
404002
404003
404004
404005
404006
404007
404008
404009
404010
404011
404012
404013
404014
404015
404016
404017
404018
404019
404020
404021
404022
404023
404024
404025
404026
404027
404028
404029
404030
404031
404032
404033
404034
404035
404036
404038
404039
404040
404041
404042
404043
404044
404045
404046
404047
404048
404049
404050
404051
404052
404053
404054
404055
404056
404057
404058
404059
404060
404061
404062
404063
404064
404065
404066
404067
404068
404069
404070
404071
404072
404073
404074
404076
404077
404078
404079
404080
404081
404082
404083
404084
404085
404086
404087
404088
404089
404090
404091
404100
404120
404121
404122
404123
404124
404125
404130
404131
404132
404135
404140
404141
404142
404150
404151
404152
404155
404156
404157
404158
404160
404161
404188
404194
404195
404196
404197
404198
404199
404300
404301
404302
404303
404305
404306
404307
404308
404309
404310
404311
404312
404313
404314
404315
404316
404317
404318
404319
404320
404321
404322
404323
404324
404325
404326
404327
404328
404329
404330
404331
404332
404333
404334
404335
404336
404337
404338
404339
404340
404341
404342
404343
404344
404345
404346
404347
404348
404349
404352
404355
404356
404357
404358
404359
404360
404361
404362
404363
404364
404365
404366
404367
404368
404369
404370
404371
404372
404373
404374
404375
404376
404377
404378
404379
404399
404500
404501
404502
404503
404504
404505
404506
404507
404508
404509
404511
404512
404513
404514
404515
404516
404517
404518
404519
404521
404522
404523
404524
404525
404526
404527
404528
404529
404531
404532
404533
404534
404535
404536
404537
404538
404539
404541
404542
404543
404544
404545
404546
404547
404548
404549
404551
404552
404553
404554
404555
404556
404557
404558
404599
404600
404601
404602
404604
404606
404607
404608
404609
404611
404612
404614
404615
404616
404617
404621
404622
404624
404626
404627
404629
404631
404632
404633
404634
404637
404638
404639
404642
404646
404652
404655
404665
404666
404667
404677
404678
404685
404699
404700
404701
404702
404703
404704
404705
404706
404707
404708
404709
404711
404712
404713
404714
404715
404716
404717
404718
404719
404723
404724
404725
404726
404799
405200
405202
405203
405204
405205
405206
405207
405208
405209
405211
405212
405213
405214
405215
405216
405217
405218
405219
405220
405221
405222
405223
405224
405225
405226
405227
405229
405231
405400
405401
405402
405403
405404
405405
405406
405407
405408
405409
405411
405412
405413
405414
405415
405416
405417
405418
405419
405421
405422
405423
405424
405425
405426
405427
405428
405429
405431
405432
405433
405434
405435
405436
405437
405438
405439
405441
405442
405443
405445
405446
405447
405448
405449
405451
405452
405454
405455
405456
405457
405458
405459
405463
405464
405800
405801
405802
405803
405804
405805
405806
405807
405808
405809
405810
405811
405812
405813
405814
405815
405816
405817
405818
405819
405820
405899
405900
405901
405902
405903
405904
405906
405907
405909
405911
405915
405999
408000
408001
408002
408003
408004
408005
408006
408007
408008
408009
408010
408011
408012
408013
408014
408015
408016
408017
408018
408019
408021
408022
408023
408024
408025
408026
408027
408028
408029
408057
408099
408100
408102
408103
408104
408105
408106
408107
408108
408109
408111
408112
408113
408114
408115
408116
408117
408118
408119
408120
408121
408123
408124
408125
408126
408127
408129
408130
408131
408132
408135
408136
408137
408138
408139
408140
408141
408199
408200
408201
408202
408203
408204
408205
408206
408207
408208
408209
408211
408212
408213
408214
408215
408216
408217
408218
408219
408221
408222
408223
408224
408225
408226
408227
408228
408229
408230
408231
408232
408233
408234
408235
408236
408237
408238
408239
408240
408241
408242
408243
408244
408245
408246
408247
408248
408249
408250
408251
408252
408253
408254
408255
408256
408299
408300
408302
408303
408304
408305
408306
408307
408308
408309
408311
408312
408313
408314
408315
408316
408317
408318
408319
408321
408322
408323
408324
408325
408326
408327
408328
408329
408331
408332
408333
408334
408335
408336
408337
408338
408339
408341
408342
408343
408344
408345
408346
408347
408348
408399
408400
408401
408402
408403
408404
408405
408406
408407
408408
408409
408410
408411
408412
408413
408414
408415
408416
408417
408418
408419
408420
408421
408422
408423
408424
408425
408426
408427
408428
408430
408431
408432
408433
408434
408435
408436
408437
408438
408439
408440
408442
408499
408500
408504
408506
408507
408511
408512
408513
408515
408516
408517
408518
408521
408522
408523
408524
408525
408527
408528
408529
408532
408533
408534
408536
408537
408538
408601
409000
409001
409002
409003
409004
409005
409006
409007
409008
409009
409011
409012
409013
409015
409016
409017
409018
409019
409021
409022
409023
409024
409025
409026
409027
409028
409029
409031
409099
409100
409101
409102
409103
409104
409105
409106
409107
409108
409109
409110
409111
409112
409113
409114
409115
409116
409117
409118
409119
409120
409121
409122
409123
409124
409125
409126
409127
409128
409129
409130
409131
409132
409133
409134
409135
409136
409137
409138
409139
409140
409141
409199
409600
409602
409603
409604
409605
409606
409607
409608
409609
409611
409612
409613
409614
409615
409616
409617
409618
409619
409621
409623
409624
409625
409626
409628
409629
409631
409632
409633
409634
409699
409800
409801
409802
409803
409804
409805
409806
409807
409808
409809
409811
409812
409813
409814
409815
409816
409817
409818
409819
409821
409822
409823
409824
409825
409826
409827
409828
409829
409831
409832
409833
409834
409835
409836
409837
409838
409839
409841
409842
409899
409900
409902
409903
409904
409905
409906
409907
409908
409909
409910
409911
409912
409913
409914
409915
409916
409917
409921
409999
492195