014080
024005
030041
030600
032600
033000
041000
044000
044004
045000
046013
046021
046031
048000
048001
048026
048027
048028
053010
111200
111300
113001
113002
113005
113006
113009
113010
113014
113109
113114
113117
113118
113121
113122
113123
114009
114011
114018
114033
114038
114042
117100
118000
118001
118016
118100
137012
242000
253035
253077
256600
256601
256602
256603
256606
256623
256651
256652
256653
256654
256655
256658
256660
264006
271100
274000
274007
276006
276012
276800
276826
311201
323000
324100
324118
325013
325018
325019
325021
325024
325025
325036
325038
325041
334000
335001
335004
336000
336028
341000
410001
410004
410005
410011
410014
410015
410016
410017
410019
410022
410114
410116
413000
413001
413002
413043
413051
413052
413061
413062
413064
416000
416007
417009
421216
427000
435000
435001
435007
436000
441300
441326
445000
473132
476002
476003
511518
511520
516081
516082
516083
516085
516086
521031
529090
529532
529533
529569
532202
535002
535003
536000
537000
537003
537005
537006
537026
546112
553000
553001
553002
553003
553004
553028
553029
561000
561006
561007
561009
561011
561012
561013
561014
561015
561016
561018
561022
563000
563124
571300
571321
571322
571323
571324
571325
571326
571327
571328
571329
571331
571332
571333
571334
571335
571336
571337
571338
571339
571341
571343
571344
571345
571346
571347
571348
571349
571353
571399
571400
571421
571422
571424
571425
571426
571427
571428
571429
571431
571432
571433
571434
571435
571437
571441
571442
571444
571445
571446
571447
571448
571499
571500
571501
571521
571522
571523
571524
571525
571526
571528
571529
571532
571533
571534
571535
571536
571539
571541
571542
571544
571599
571600
571621
571622
571623
571624
571625
571626
571627
571628
571629
571631
571632
571633
571634
571635
571636
571699
571700
571722
571723
571724
571726
571727
571728
571729
571733
571734
571736
571737
571738
571739
571741
571742
571744
571745
571746
571747
571748
571751
571753
571754
571756
571758
571763
571799
571800
571820
571821
571822
571823
571824
571825
571827
571831
571832
571833
571834
571835
571836
571837
571839
571899
571900
571921
571922
571923
571924
571925
571926
571927
571928
571929
571931
571932
571933
571934
571935
571936
571937
571938
571939
571941
571942
571943
571944
571945
571999
572200
572211
572213
572214
572215
572216
572217
572218
572219
572221
572299
572300
572311
572312
572313
572314
572316
572317
572318
572319
572322
572323
572399
572400
572421
572422
572423
572424
572425
572426
572427
572428
572429
572430
572431
572433
572434
572435
572499
572500
572501
572521
572522
572523
572524
572525
572526
572527
572528
572529
572531
572532
572533
572534
572536
572537
572538
572539
572541
572542
572543
572599
572600
572621
572623
572624
572625
572626
572628
572631
572632
572633
572637
572699
572700
572722
572723
572724
572725
572726
572728
572731
572732
572733
572799
572800
572811
572812
572813
572814
572815
572816
572817
572818
572819
572821
572822
572823
572824
572825
572826
572827
572828
572829
572899
572900
572911
572912
572913
572914
572915
572917
572918
572919
572921
572923
572924
572925
572926
572927
572928
572929
572931
572933
572961
572999
573100
578001
578102
614000
614008
614012
615014
625000
629000
629001
629008
629018
629019
637000
641300
641317
644000
644002
644007
650228
653100
655000
665000
673100
674100
674400
674412
678000
712039
719004
719006
719007
719014
719015
721000
725000
725007
725009
725014
725017
725021
727031
731100
735004
741002
741003
741004
741006
741007
741008
741009
741013
741015
741016
741017
741018
741031
741034
750200
814000
843016
845350
850001
850002
850003
850004
850006
850007
850008
850009
850010
850011
850012
850013
850014
850030
850033
860114
