010000
010100
010200
011500
011600
011700
011800
011900
012000
012100
012300
012400
012500
012600
013150
013250
013350
013400
013450
013550
013650
013750
014000
014100
014200
014300
014400
015000
015100
015200
015300
015400
015500
016000
016100
016200
017000
017100
017200
017300
017400
021000
021100
021200
021300
021400
021500
022150
022250
022350
022450
024000
024200
024300
024400
024500
025150
025250
025350
025450
025550
026000
026100
026200
026300
027000
027100
027200
027300
028000
028100
028200
028300
028400
029100
029200
029300
029400
030000
030100
030200
030300
030400
030500
030600
030800
030900
031100
031200
031300
031400
031500
031600
031700
031800
032100
032200
032300
032400
032500
032600
032700
033000
033100
033200
033300
033400
034000
034100
034200
034300
034400
035100
035200
035300
035400
035500
036000
036100
036200
036300
036400
036500
036600
037000
037100
037200
037300
037400
037500
037600
038100
038200
038300
038400
038500
038600
041000
041200
041300
041400
041500
042100
042200
042300
042400
042500
042600
043000
043100
043200
043300
043400
043500
043600
043700
043800
044000
044100
044200
044300
044400
044500
044600
045000
045100
045200
045300
046000
046100
046200
046300
046400
046500
046600
046700
047100
047300
047400
047500
047600
048000
048100
048200
048300
050000
050100
050200
050300
050400
050500
050600
050700
050800
051130
051230
051330
051430
051530
051630
051730
051830
052160
052260
052360
052460
052560
052660
052760
052860
053000
053100
053200
053300
053400
053500
054000
054100
054200
054300
054400
054500
054600
054700
054800
055150
055250
055350
055450
056000
056200
056300
056400
056500
056600
056700
056800
056900
057150
057250
057350
057450
057550
057650
057750
057850
061000
061100
061200
061300
061400
061500
061600
061700
061800
062150
062250
062350
062450
062550
062650
063000
063100
063200
063300
063500
063600
063700
064000
064100
064200
064300
064400
066000
066100
066200
066300
066400
066500
066600
067000
067100
067200
067300
067500
067600
068150
068250
068350
068450
071000
071100
071200
071300
071400
071500
071600
071700
071800
072150
072250
072350
072450
072550
072650
072750
073000
073100
073200
074000
074100
074200
075000
075100
075200
075300
075400
075500
075600
075700
075800
076150
076250
076350
076450
076550
076650
076750
100000
101100
101200
101300
101400
101500
101600
101700
102100
102200
102300
102500
102600
102700
102800
102900
110000
110200
110300
111000
111200
111300
112000
112100
112200
112300
112400
112500
112600
112700
113000
113100
113200
113300
114000
114100
114200
115000
115100
115200
116000
116100
116200
116300
116400
116500
116600
117000
117100
117200
118000
118100
118200
118300
118400
121000
121100
121200
121300
121400
121500
121600
121700
122000
122100
122200
122300
122400
122500
123000
123100
123200
124000
124100
124200
130000
130200
130300
130400
130500
130600
130700
131100
131200
131300
131400
131500
132000
132200
132300
132400
132500
132600
133000
133100
133200
133300
133400
133500
133600
133700
134000
134100
134200
134300
134400
134500
135000
135100
135200
135300
136000
136100
136200
136300
136400
136500
136600
137000
137100
137200
137300
137400
137500
137600
150000
150100
150200
150300
150400
150500
150600
150700
150800
150900
151100
151200
151300
151400
151500
151600
151700
151800
151900
152000
152100
152200
152300
152400
152500
153000
153100
153200
154000
154100
154200
154300
154400
154500
154600
154700
154800
154900
155100
156100
156200
156300
156400
156500
156600
156700
156900
157000
157100
157200
157300
157400
157500
157600
158100
158200
158300
158400
161000
161100
161200
161300
161400
161500
161600
161700
161800
162100
162200
162300
162400
162600
162700
162800
163000
164000
164100
164200
164300
164400
164500
165000
165100
165200
165300
200000
200100
201100
201200
201300
201400
201500
201600
201700
201800
201900
202100
202400
210000
211100
211200
211300
211400
211500
211600
211700
211800
211900
212000
212100
212200
212300
212400
213000
213100
213200
213300
214000
214100
214200
214400
214500
215000
215100
215200
215300
215400
215500
215600
221000
221100
221200
221300
221400
221600
221700
222000
222100
222200
222300
223000
223100
223200
223300
223400
223500
223600
223700
223800
223900
224000
224100
224200
224300
224400
224500
224600
224700
225000
225100
225200
225300
225400
225500
225600
225700
225800
226000
226100
226200
226300
226400
226500
226600
230000
231100
231200
231300
231400
231500
231600
232000
232100
232200
233000
233100
233200
233300
233400
233500
233600
233700
234000
234100
234200
234300
235000
235100
235200
235300
236000
236200
236300
236400
236500
236600
236700
236800
237000
237100
237200
237300
237400
238000
238100
238200
238300
239000
239200
239300
239400
239500
241000
241100
241200
242000
242100
242200
242300
242400
242500
242600
242700
242800
243000
243100
244000
244100
245000
245100
245200
245300
245400
245500
245600
246000
246100
246200
246300
246400
246500
246600
246700
247100
247200
250000
250100
250200
250300
250400
251100
251200
251300
251400
251500
251600
251700
251800
251900
252000
252100
252200
252300
252400
252500
252600
253000
253100
253200
253300
253400
253500
253600
253700
253800
255000
255100
255200
255300
255400
256100
256200
256300
256400
256500
256600
256800
257000
257100
257200
257300
257400
257500
261000
261100
261200
261300
261400
261500
262100
262200
262300
262400
262500
262600
262700
262800
264000
264100
264200
264300
264400
264500
265100
265200
265300
265400
265500
265600
265700
265800
266000
266100
266200
266300
266400
266500
266600
271000
271100
271200
271400
271500
271600
272000
272100
272200
272300
272400
272500
273100
273200
273300
273400
273500
273600
273700
274000
274100
274400
274500
274600
274700
274800
274900
276000
276100
276200
276300
276400
276500
276600
276700
276800
277000
277100
277200
277300
277400
277500
277600
277700
300000
300450
300480
301500
301600
301700
301800
301900
302550
302650
302750
302850
302950
310000
311100
311200
311300
311400
311500
311600
311700
311800
312000
312300
312400
312500
313000
313100
313200
313300
314000
314100
314200
314300
314400
314500
315000
315100
315200
315300
315400
315500
315600
315700
315800
316000
316100
316200
317000
317000
317200
317300
317400
317500
317600
317700
321000
321100
321200
321300
321400
322000
322100
322200
322300
323000
323300
323400
323500
323600
323700
323800
323900
324000
324100
324200
324300
324400
325000
325100
325200
325300
325400
325500
325600
325700
325800
330000
330100
330200
330300
330400
330500
330600
330700
330800
331100
331200
331300
331400
331500
331600
331700
331800
332000
332100
332200
332300
332400
332500
332600
332700
332800
332900
333000
333100
333200
333300
333014
334000
334100
334200
334300
334400
334500
334600
334700
335000
335100
335200
335300
335400
335500
336000
336100
336200
336300
336400
336500
336600
337000
337100
341000
341100
341200
341300
341400
341500
341600
341700
341800
341900
342100
342200
342300
342400
342500
342600
342700
342800
343000
343100
343200
343400
343500
343600
343700
343800
343900
344000
344200
344300
344400
344500
344600
344700
344800
344900
350000
350100
350200
350300
350400
350500
350600
350700
350800
351100
351200
352100
352200
352300
353000
353100
353200
353300
353400
353500
353600
354000
354100
354200
354300
354400
354500
355000
355100
355200
355300
355400
355500
361000
361100
362000
362100
362200
362300
362400
362500
362600
362700
363000
363100
363200
363300
363400
363500
363600
363700
363800
363900
364000
364100
364200
364300
364400
365000
365100
365200
365300
365400
365500
366000
366100
366200
366300
410000
410100
410200
410300
410400
410500
410600
411100
411200
411300
411400
411500
412000
412100
412200
412300
412400
412500
413000
413100
413200
413400
413500
414000
414100
414200
414300
414400
415000
415200
415300
415400
415500
415600
415700
415800
415900
416000
416100
416200
416300
416400
416500
416600
416700
416800
416900
417000
417100
417500
417600
418000
418100
418200
418300
418400
418500
419100
419200
419300
419400
419500
419600
421000
421100
421200
421300
421400
421500
421600
421700
421800
421900
422000
422100
422200
422300
422400
422500
422600
422700
422800
422900
423000
423300
423400
423500
423600
424100
424200
424300
424400
424500
425000
425000
425100
425200
425300
425400
425500
425600
425700
425800
425900
430000
430100
430200
431400
431500
431600
431700
431800
431900
432100
432200
432300
432400
432500
432600
432700
432800
433000
433100
433200
433300
434000
434100
434200
434300
434400
434500
435000
435100
435200
436000
436100
436200
436300
436400
436500
436600
436700
437000
437100
437200
437300
437400
437500
437600
441000
441100
441200
441300
441400
441500
441600
441700
441800
441900
442000
442100
442200
442300
442400
442500
442600
443000
443100
443200
443300
443400
443500
443600
443700
444100
444200
444300
445000
445300
445400
445500
445600
445700
445800
450000
450100
451150
451250
451450
452170
452270
452370
452470
452570
452670
453000
453100
453200
453300
453400
453500
453600
453700
453800
454150
454350
454450
454550
454650
454750
454850
454950
455000
455100
456150
456250
456350
456450
456550
456650
456750
457000
457100
457300
457400
457500
457600
461000
461100
461200
461300
461500
462000
462100
462300
462400
462500
462600
463000
463100
463200
463300
463400
463500
463600
463700
463800
464000
464100
464200
464300
464400
465150
465250
465350
465450
465550
466000
466100
466200
466300
466600
466700
467000
467100
467200
467300
467400
467500
471000
471100
471200
471300
471400
471500
471600
471700
471800
471900
472000
472100
472200
472300
472400
472500
473000
473100
473200
473300
473400
473500
474150
474250
474350
474450
474550
474650
474750
475000
475100
475200
475300
475400
476000
476100
476200
476300
476400
476600
476700
476800
476900
477150
477250
510000
510800
510900
511100
511200
511300
511400
511500
524000
515550
515600
515644
529900
511430
511434
511436
511440
511442
511447
511450
511453
511455
511458
511462
511464
511466
511468
511470
511473
511480
511483
511485
511487
511490
511495
511475
511600
511700
512000
512100
512200
512300
512400
512500
512600
512700
513000
513100
513200
513300
513400
514000
514100
514200
514300
514400
514500
514600
515000
515100
515200
515300
515400
515500
515600
515700
515800
515900
516000
516100
516200
516300
516400
516500
516600
516700
517000
517100
517200
517300
517400
518000
518100
519000
519100
524000
524100
524200
524300
524400
524500
525000
525100
525200
525300
525400
526000
526100
526200
526300
526400
526500
526600
527100
527200
527300
527400
528000
528100
528200
528300
528400
528500
529000
529100
529200
529300
529400
529500
529600
529700
529800
530000
530100
530200
530300
530400
530500
530600
530700
530800
531400
531500
532100
532200
532300
532400
532500
532600
532700
532800
533000
533100
533200
533300
533400
533500
533600
533700
533800
533900
535000
535300
535400
535500
535600
535700
536000
536100
537000
537100
537200
537300
537400
537500
537600
537700
541000
541100
541200
541300
541400
541500
541600
541700
541800
541900
542400
542500
542600
542700
542800
543000
543100
543200
543300
545000
545100
545200
545300
545400
545500
545600
545700
545800
545900
546100
546200
546300
546400
546500
546600
546700
546800
547000
547100
547200
547300
547400
547500
547600
550000
550100
550200
550300
550400
550500
550600
550700
550800
551100
551200
551300
551400
551500
551600
551700
551800
552100
552200
552300
552400
553000
553100
553200
553300
553400
553500
553600
553700
554000
554100
554200
554300
554400
555100
555200
556000
556100
556200
556300
556400
556500
556600
556700
557100
557200
557300
557400
557500
557600
557700
557800
558000
558100
558200
558300
558400
561000
561100
561200
561300
561400
561500
561600
562100
562200
562300
562400
563000
563100
563200
563300
563400
563500
564100
564200
564300
564400
564500
564600
564700
565100
565200
565300
570000
571100
571200
571300
571400
571500
571600
571700
571800
571900
572000
572200
572300
572400
572500
572600
572700
572800
572900
573100
010000
010100
010200
011500
011600
011700
011800
011900
012000
012100
012300
012400
012500
012600
013150
013250
013350
013400
013450
013550
013650
013750
014000
014100
014200
014300
014400
015000
015100
015200
015300
015400
015500
016000
016100
016200
017000
017100
017200
017300
017400
021000
021100
021200
021300
021400
021500
022150
022250
022350
022450
024000
024200
024300
024400
024500
025150
025250
025350
025450
025550
026000
026100
026200
026300
027000
027100
027200
027300
028000
028100
028200
028300
028400
029100
029200
029300
029400
030000
030100
030200
030300
030400
030500
030600
030800
030900
031100
031200
031300
031400
031500
031600
031700
031800
032100
032200
032300
032400
032500
032600
032700
033000
033100
033200
033300
033400
034000
034100
034200
034300
034400
035100
035200
035300
035400
035500
036000
036100
036200
036300
036400
036500
036600
037000
037100
037200
037300
037400
037500
037600
038100
038200
038300
038400
038500
038600
041000
041200
041300
041400
041500
042100
042200
042300
042400
042500
042600
043000
043100
043200
043300
043400
043500
043600
043700
043800
044000
044100
044200
044300
044400
044500
044600
045000
045100
045200
045300
046000
046100
046200
046300
046400
046500
046600
046700
047100
047300
047400
047500
047600
048000
048100
048200
048300
050000
050100
050200
050300
050400
050500
050600
050700
050800
051130
051230
051330
051430
051530
051630
051730
051830
052160
052260
052360
052460
052560
052660
052760
052860
053000
053100
053200
053300
053400
053500
054000
054100
054200
054300
054400
054500
054600
054700
054800
055150
055250
055350
055450
056000
056200
056300
056400
056500
056600
056700
056800
056900
057150
057250
057350
057450
057550
057650
057750
057850
061000
061100
061200
061300
061400
061500
061600
061700
061800
062150
062250
062350
062450
062550
062650
063000
063100
063200
063300
063500
063600
063700
064000
064100
064200
064300
064400
066000
066100
066200
066300
066400
066500
066600
067000
067100
067200
067300
067500
067600
068150
068250
068350
068450
071000
071100
071200
071300
071400
071500
071600
071700
071800
072150
072250
072350
072450
072550
072650
072750
073000
073100
073200
074000
074100
074200
075000
075100
075200
075300
075400
075500
075600
075700
075800
076150
076250
076350
076450
076550
076650
076750
100000
101100
101200
101300
101400
101500
101600
101700
102100
102200
102300
102500
102600
102700
102800
102900
110000
110200
110300
111000
111200
111300
112000
112100
112200
112300
112400
112500
112600
112700
113000
113100
113200
113300
114000
114100
114200
115000
115100
115200
116000
116100
116200
116300
116400
116500
116600
117000
117100
117200
118000
118100
118200
118300
118400
121000
121100
121200
121300
121400
121500
121600
121700
122000
122100
122200
122300
122400
122500
123000
123100
123200
124000
124100
124200
130000
130200
130300
130400
130500
130600
130700
131100
131200
131300
131400
131500
132000
132200
132300
132400
132500
132600
133000
133100
133200
133300
133400
133500
133600
133700
134000
134100
134200
134300
134400
134500
135000
135100
135200
135300
136000
136100
136200
136300
136400
136500
136600
137000
137100
137200
137300
137400
137500
137600
150000
150100
150200
150300
150400
150500
150600
150700
150800
150900
151100
151200
151300
151400
151500
151600
151700
151800
151900
152000
152100
152200
152300
152400
152500
153000
153100
153200
154000
154100
154200
154300
154400
154500
154600
154700
154800
154900
155100
156100
156200
156300
156400
156500
156600
156700
156900
157000
157100
157200
157300
157400
157500
157600
158100
158200
158300
158400
161000
161100
161200
161300
161400
161500
161600
161700
161800
162100
162200
162300
162400
162600
162700
162800
163000
164000
164100
164200
164300
164400
164500
165000
165100
165200
165300
200000
200100
201100
201200
201300
201400
201500
201600
201700
201800
201900
202100
202400
210000
211100
211200
211300
211400
211500
211600
211700
211800
211900
212000
212100
212200
212300
212400
213000
213100
213200
213300
214000
214100
214200
214400
214500
215000
215100
215200
215300
215400
215500
215600
221000
221100
221200
221300
221400
221600
221700
222000
222100
222200
222300
223000
223100
223200
223300
223400
223500
223600
223700
223800
223900
224000
224100
224200
224300
224400
224500
224600
224700
225000
225100
225200
225300
225400
225500
225600
225700
225800
226000
226100
226200
226300
226400
226500
226600
230000
231100
231200
231300
231400
231500
231600
232000
232100
232200
233000
233100
233200
233300
233400
233500
233600
233700
234000
234100
234200
234300
235000
235100
235200
235300
236000
236200
236300
236400
236500
236600
236700
236800
237000
237100
237200
237300
237400
238000
238100
238200
238300
239000
239200
239300
239400
239500
241000
241100
241200
242000
242100
242200
242300
242400
242500
242600
242700
242800
243000
243100
244000
244100
245000
245100
245200
245300
245400
245500
245600
246000
246100
246200
246300
246400
246500
246600
246700
247100
247200
250000
250100
250200
250300
250400
251100
251200
251300
251400
251500
251600
251700
251800
251900
252000
252100
252200
252300
252400
252500
252600
253000
253100
253200
253300
253400
253500
253600
253700
253800
255000
255100
255200
255300
255400
256100
256200
256300
256400
256500
256600
256800
257000
257100
257200
257300
257400
257500
261000
261100
261200
261300
261400
261500
262100
262200
262300
262400
262500
262600
262700
262800
264000
264100
264200
264300
264400
264500
265100
265200
265300
265400
265500
265600
265700
265800
266000
266100
266200
266300
266400
266500
266600
271000
271100
271200
271400
271500
271600
272000
272100
272200
272300
272400
272500
273100
273200
273300
273400
273500
273600
273700
274000
274100
274400
274500
274600
274700
274800
274900
276000
276100
276200
276300
276400
276500
276600
276700
276800
277000
277100
277200
277300
277400
277500
277600
277700
